59 2263
44 3902
42 44
42 46
1625 2175
26 5909
26 1675
183 1675
183 447
41 3396
35 41
681 1239
5085 8002
244 903
577 903
590 2993
155 590
155 173
173 6863
112 6863
979 5634
213 979
5281 7333
263 5281
77 2138
7676 8757
5463 8757
743 5463
321 743
321 364
364 1140
89 1140
4371 4480
569 4371
51 569
1312 6282
191 1312
85 191
6835 8237
241 651
5920 6075
10 5920
4574 8715
335 4574
2791 5462
50 509
6476 7628
143 6476
143 400
1448 3612
202 1448
17 202
11 17
4876 5173
401 830
3378 7221
273 3378
232 273
232 274
130 274
19 130
5258 8670
2620 6010
1244 2620
1922 2154
662 1956
196 662
3654 5350
53 5350
1216 7814
684 7814
197 684
197 688
57 688
2490 6013
1014 6013
354 5965
354 833
4090 8109
15 123
3756 6483
28 3756
848 2364
227 2364
73 227
73 387
9 387
3019 3572
22 3572
1417 7985
803 1417
326 803
80 326
174 5118
1193 5685
469 1193
16 469
714 1243
629 714
4662 5036
1038 5036
201 1038
201 604
571 604
125 965
5061 7857
346 5061
218 346
467 8025
333 467
233 333
87 233
4993 6113
4897 8923
90 4897
4527 6845
193 4527
193 371
371 393
3768 8753
187 3768
187 312
134 286
889 3714
39 3714
5 39
